Ground: tensor([19, 25,  9,  0,  2, 94, 14, 96,  5, 24, 26, 45, 80, 39, 32, 92, 44, 96,
        21, 96,  0,  9,  5, 35,  2, 11, 86, 26, 42, 76,  5, 77],
       device='mps:0') Predicted: tensor([19, 25,  9,  0,  2, 94, 14, 96,  5, 24, 26, 45, 34, 39, 32, 20, 44, 96,
        21, 96,  0,  9,  5, 35,  2, 43, 86, 26, 42, 76,  5, 77],
       device='mps:0')Ground: tensor([ 67,  45,  54,  20,  54,   5, 100,  11, 104,  58,  79,  33,  12,  13,
         81,  73,  88,  42,  46,  12,  10,   6,  32,  47,  74,  53,  80,  98,
         59,  58,  50,  28], device='mps:0') Predicted: tensor([ 67,  45,   3,  20,  54,   5, 100,  11, 104,  58,  79,  33,  12,  13,
         81,  73,  87,  42,  57,  86,  10,   6,  32,  47,  74,  53,  72,  98,
         59,  94,  50,  28], device='mps:0')Ground: tensor([102,  85,  81,  86,  47,  90,  51,   3,  40,  33,  97,  57,  40,  83,
         74,  10,  56,  81,  88,  92,  78,  91,  63,  80,  37, 102,  36,  25,
         71,  92,  76,  17], device='mps:0') Predicted: tensor([102,  85,  81,  86,  47,  90,  51,   3,  40,  33,  97,  63,  43,  83,
         74,  10,  56,  81,  88,  92,  78,  91,   0,  80,  37, 102,  36,  25,
         71,  92,  76,  17], device='mps:0')Ground: tensor([ 31,  72,   6,  87,  89,   1,  92,  54,  28,  60, 104,  44,  94,  92,
         54,  68,  96,  12,  67,  95,  26,  29,  28,  26,   6,  66,  43,  98,
         29,  69,  22,  26], device='mps:0') Predicted: tensor([ 25,  72,   6,  87,  89,   1,  92,  54,  28,  60, 104,  44,  94,  92,
         54,  68,  96,  12,  67,  95,  26,  29,  28,  26,  20,  66,  43,  98,
         29,  69,  22,  26], device='mps:0')Ground: tensor([ 96,  63,  84, 103,  93,  12,  88,  70,  96,  93,  74,  18,  41,  18,
         43,  87,  59,  56,  76,  98,  29,  78,  71,  60,  17,  91,  90,  27,
         41,  87,   6, 100], device='mps:0') Predicted: tensor([ 96,  97,  84, 103,  93,  12,  88,  70,  96,  93,  74,  18,  94,  18,
         43,  87,  44,  56,  17,  98,  29,  78,  71,  60,  17,  91,  56,  27,
         41,  87,   6, 100], device='mps:0')Ground: tensor([18, 25, 60,  7, 25, 42, 54, 78,  2,  2, 42, 87, 79, 11, 78, 85, 64, 40,
        54, 87, 20, 63, 34, 42, 16,  0, 12, 85, 45,  4, 16, 72],
       device='mps:0') Predicted: tensor([ 18,  25,  60,   7,  25,  42,  18,  78,   2,   2,  42,  87,  79,  11,
         78, 101,  64,  40,  54,  87,  20,  63,  34,  42,  16,   0,  12,  91,
         45,   4,  16,  72], device='mps:0')Ground: tensor([ 81, 103,  30,  13,  74,  39,  66,  24,  82,  57, 100,  37,  57,  49,
        100,   6,  17,  52,   2,  62,  67,   4,   7,   7,  97,  59,  85,  24,
         74,  51,  28,  62], device='mps:0') Predicted: tensor([ 81, 103,  30,  13,  74,  39,  66,  24,  82,  57,  37,  37,  57,  49,
        100,   6,  17,  80,   2,  62,  39,   4,   7,   7,  97,  59,  85,  24,
         59,  51,  28,   8], device='mps:0')Ground: tensor([ 72,  95,  75, 100,  70,  42,  58,  76,  79,  46,  25,  63,  68,  12,
         10,   2,  88,  28,  73,  87,  93,  96,  15,  52,  77,   5,  11,  12,
         37, 101,  17,  14], device='mps:0') Predicted: tensor([ 72,  95,  75, 100,  70,  42,  58,  76,  79,  46,  25,  94,   8,  12,
         10,   2,  88,  28,  73,  87,  93,  96,  15,  52,  77,   5,  11,  12,
         84, 101,  43,  14], device='mps:0')Ground: tensor([ 84,  48,  33,  80,  58,  43,  35,  99,  37, 100,  35,  74,   5,  76,
         59,  14,  95,  95,  16,  89,  81,  70,  86,  51,  82,  45,   1,  84,
         57,  94,  21,  97], device='mps:0') Predicted: tensor([84, 79, 33, 80, 58, 43, 90, 99, 37, 90, 35, 74,  5, 76, 59, 89, 95, 95,
        16, 89, 81, 70, 86, 51, 82, 45,  1, 84, 57, 94, 21, 18],
       device='mps:0')Ground: tensor([ 89,  62,  30,  98,  13,  86,   7,  29,  36,  24,  67,   1,  44,  20,
         11,  33,  34,  25,  93,  13,  79,  23,  84, 101,  90,  28,  18,  22,
         77,  41,  11,  68], device='mps:0') Predicted: tensor([ 89,  62,  30,  98,  13,  86,   7,  29,  36,  24,  67,   1,   6,  20,
         11,  33,  34,  25,  93,  13,  79,   8,  53, 101,  90,  28,  18,  22,
         77,  41,  11,  68], device='mps:0')Ground: tensor([ 98,  97,  89,  94,  93,  74,   0, 102,  57,   6,  89,  33,   0,  68,
         19,  54,  42,  62,  66,  24,  63,  84, 102,  80, 103,  62,  16, 102,
         87,  69,  81,  44], device='mps:0') Predicted: tensor([ 79,  97,  39,  94,  93,  74,   0, 102,  57,   6,  89,  33,   0,  68,
         19,  54,  42,  62,  39,  24,  63,  63, 102,  80, 103,  62,  16, 102,
         87,  39,  81,  44], device='mps:0')Ground: tensor([ 77, 104,  61,  30,   8,  49,  88,  42,  73,  85,   9, 101,  10,  53,
         32,  41,  52,  56,  41,  92,  92,  46,  94,  50,  61,  95,  98,  89,
         66,  26,  74,  70], device='mps:0') Predicted: tensor([ 77, 104,  61,  30,   8,  49,  44,  42,  73,  85,   9, 101,  10,  53,
         32,  63,  52,  56,  41,  92,  92,  46,  94,  50,  61,  95,  98,  89,
         66,   8,  74,  70], device='mps:0')Ground: tensor([103,  14,  44,  88,  67,  25,   2,  30,  62,  59, 101,   8,  41,   0,
         26,  82,   8,  58,  64,  82,  58,  38,  76,  26,  19,  53,  36,  20,
          0, 101,  72,   5], device='mps:0') Predicted: tensor([100,  63,  44,  88,  67,  25,   2,  51,  62,   6, 101,   8,   6,  97,
         26,  82,   8,  58,  64,  82,  62,  72,  76,  26,  19,  53,  36,  25,
          0, 101,  72,   5], device='mps:0')Ground: tensor([ 45,  90,  25,  83,  62,  98,  92,  51,  56,  27,  40,  80,  87,  21,
         58, 103,  77,  74,  21,  80,  20,  20,  86,  44,  76,  58,  56,  68,
         57,   8,  34,  43], device='mps:0') Predicted: tensor([ 45,  90,  25,  83,  62,  98,  53,  51,  56,  27,  40,  80,  87,  21,
         58, 103,  77,  74,  21,  80,  20,  20,  86,  44,  76,  58,  56,  68,
         85,   8,  34,  43], device='mps:0')Ground: tensor([56, 45, 49, 42,  1, 71, 27, 20, 27, 13, 25,  8,  8, 35, 90,  1, 27, 12,
         3, 96,  0, 13, 45, 28, 10, 58, 78, 43, 28, 87, 74, 47],
       device='mps:0') Predicted: tensor([ 56,  45,  49,  42,   1,  71,  27,  20,  27,  13,  25, 101,   8, 101,
         90,   1,  27,  12,   3,  96,   0,  13,  45,  28,  60,  58,  78,  43,
         28,  87,  63,  47], device='mps:0')Ground: tensor([ 51,  46, 100,  58,  29,  24,  69,   6,  20,  62,  34,  74,  97,  19,
         73,  92,  45,  79, 102,  94,  97,  70,  15,  25,  58, 100,  28,  21,
         90,  57,  84,  98], device='mps:0') Predicted: tensor([ 57,  57, 100,  73,  29,  24,  25,   6,  20,  62,  34,  92,  97,  91,
         93,  92,  39,  79, 102,  94,  97,  70,  80,  32,  58, 100,  28,  21,
        101,  57,  95,  98], device='mps:0')Ground: tensor([ 47,  92,  24,   3,   5,  58,  87,  72,  82,  95,  79,  80,  72,  49,
         63,  72,  92,  75,  32,  73,  67,  43,  13,  35,  58,  75,  47,  85,
         73, 100,  16,  62], device='mps:0') Predicted: tensor([ 47,  92,  92,   3,  77,  58,  87,  72,  82,  95,  79,  80,   5,  49,
         63,  72,  92,  75,  32,  20,  67,  43,  13,  35,  58,  75,  56,  85,
         73, 101,  16,  62], device='mps:0')Ground: tensor([ 53,  33,  72,  20,  76,   8,  92,   4,  84,  34,  94,  40,  41,  48,
         65,  63,   0,  89,  98,  37,  98,  50,  31,  41,  71,   3, 103,  57,
         91, 100,  24,  64], device='mps:0') Predicted: tensor([ 53,  33,  72,  20,  76,   8,  92,   4,  84,  34,  94,  40,  41,  48,
         65,  63,   0,  56,  98,  37,  98,  50,  56,  41,  60,   3, 103,  57,
         91, 101,  24,  64], device='mps:0')Ground: tensor([ 98,  28,   4,  16,   1,  33,  14,  90,  14,  56,  96,  16,  57,  51,
        100,  77,  42,  57,  89,  63,  67,  91,  67,  35,  78,  71,  53,  77,
         22, 101,  90,  49], device='mps:0') Predicted: tensor([ 98,  28,   4,  16,   1,  33,  14,  90,  75,  56,  96,  79,  57,  51,
        100,  77,  42,  57,  89,  63,  67,  91,  67,  50,  78,  71,  53,   9,
         22,  93,  90,  49], device='mps:0')Ground: tensor([ 49,  63,  12,  95,  61,  16,  20,  57,  77,  54,  14,  64,  28,  74,
         82,   9,  67,  10,  52,  15,  71, 102,  42,  16,  81,  44,  39,  94,
        101,  50,  97,  32], device='mps:0') Predicted: tensor([ 49,  50,  12,  95,  61,  16,  20,  57,  77,  64,  14,  64,  28,  56,
         82,   9,  65,  10,  52,  86,  71, 102,  90,  16,  81,  44,  39,  94,
        101,  50,  97,  32], device='mps:0')Ground: tensor([ 9, 29, 51,  5, 82, 95, 78, 19, 50, 34, 63,  6, 97, 14, 60,  9, 20, 49,
        76, 82, 28, 73, 11, 73, 89,  2, 99,  0, 53, 89, 49, 71],
       device='mps:0') Predicted: tensor([ 9, 29, 51,  5, 82, 95, 78, 19, 50, 34, 63,  6, 97, 58, 60,  9, 20, 49,
        76, 82, 28, 73, 11, 73, 89, 53, 99,  0, 53, 89, 49, 36],
       device='mps:0')Ground: tensor([ 71,  12,  94,  49,  78,  98,  15,  40, 104,  16,  54,  97,  86,  57,
          5,  72,  38,  11,  16,   8,  95,  51,  90,  86,  27,  24,  90,  64,
         53,  83,  11,  77], device='mps:0') Predicted: tensor([ 71,  12,  94,  49,  78,  98,  15,  40, 104,  16,  54,  97,  79,  57,
          5,  72,  38,  11,  16,   8,  95,  12,  90,  86,  27,  24,  90,  64,
         53,  83,  11,  77], device='mps:0')Ground: tensor([ 41,  74,  94,  72,  73,  98,  19,  31, 100, 104,   8,  48,  60,  25,
         54,  91,  50,   8,  69,  62,  14, 100,  44,  37,  23,  55,  88,  97,
          7,  71,  93, 104], device='mps:0') Predicted: tensor([ 41,  74,  94,  72,  73,  98,  19,  31, 100, 104,   8,  48,  60,  25,
         64,  91,  50,   8,  69, 101,  14, 100,  44,  37,  23,  77,  88,  97,
          7,  71,  93, 104], device='mps:0')Ground: tensor([ 32,  22,  39,  67,  68,  51,  84,   7, 103,  86,  81,  85,   0,  47,
         75,  18,  75,   7,  51,  12,   6,  33,  26,  68,  33,  50,  33,  44,
         72,  48,  26,  50], device='mps:0') Predicted: tensor([ 32,  22,  39,  67,  76,  51,   4,   7, 103,  86,  81,  85,   0,  47,
         75,  18,   8,   7,  51,  12,   6,  33,  26,  68,  33,  50,  33,   0,
         72,  48,  26,  50], device='mps:0')Ground: tensor([ 56,  19,  12,  27,  45,  77,  57,  52,  53,  68,  39,  43,  97,  85,
         14,   6, 101, 101,  87,   4,  90,  37,  41, 100,  40,  93,  87,  60,
         50,  74,  88,  52], device='mps:0') Predicted: tensor([ 56,  19,  12,  52,  45,  77,  57,  52,  49,  68,  39,  43,  97,  53,
         14,   6, 101, 101,  87,   4,  90,  37,  41,  27,  40,  56,  87,  60,
         50,  74,  88,  52], device='mps:0')Ground: tensor([ 43,  30,  82,  89,  46,   3,   0,  45,  28,   2,  34,  92,  26,  25,
          0,  16,  80,  88,  12,  90,  49,  48,  29,   1,  53,  45,  22,  80,
         35,  26,  77, 101], device='mps:0') Predicted: tensor([ 43,  30,  82,  89,  24,   3,   0,  45,  28,   2,  34,  92,  26,  25,
          0,  16,  80,  88,  12,  90,  49,  48,  29,   1,  53,  45,  81,  80,
         35,  26,  77, 101], device='mps:0')Ground: tensor([ 21,  44,  91,   1,  46,  44,   9,  10,  93,  95,  56,  72,  33,  53,
         23,  80,  46,  80,  61,  74,  35,  84,  54,  51, 104,  34, 102,  68,
         37,   1,   6,  89], device='mps:0') Predicted: tensor([ 86,  66,  91,   1,  46,  44,   9,  10,  93,  95,  56,  72,  33,  53,
          6,  80,  46,  80,  61,  74,  35,  84,  54,  51, 104,  34, 102,  68,
         37,   1,   6,  56], device='mps:0')Ground: tensor([86, 81,  1,  4, 89, 12, 78, 61, 81, 34, 72,  4, 57, 34, 56, 63, 72, 20,
        15, 29, 79, 89, 14,  5, 97, 45, 21, 42, 22,  6, 62, 75],
       device='mps:0') Predicted: tensor([ 86,  81,   1,   4,  68,  12,  78,  61,  81,  34,  39,   4,  57,  34,
         56,  94,  72, 102,  15,  29,  79,  89,  14,   5,  56,  45,  21,  42,
         22,   6,  26,  75], device='mps:0')Ground: tensor([ 32,  25,  42,  72,  82,   3,  31,  69,  49,  89,  63,  62,  86,  18,
         49,  88,  56,  17,   4,  18,   6, 103,  72,  34,  66,  27,  16,  57,
         72,  28,  85,  23], device='mps:0') Predicted: tensor([32,  6, 42, 72, 82, 93, 31, 69, 49, 89, 63, 62, 86, 18, 49, 88, 56, 17,
         4, 18,  6, 62, 72, 34, 66, 27, 16, 57, 72, 94, 85, 23],
       device='mps:0')Ground: tensor([86, 62, 63, 90, 47, 18, 52, 90, 17, 44, 29, 30, 18, 24, 82, 44, 37, 27,
         2, 94, 61, 76, 59, 82,  6, 69, 68, 46, 39, 76, 57, 39],
       device='mps:0') Predicted: tensor([86, 62, 63, 90, 47, 43, 52, 90, 81, 44, 81, 30, 18, 24, 82, 44, 37, 27,
         2, 94, 61, 76, 59, 82,  6, 65, 68, 46, 39, 76, 57, 39],
       device='mps:0')Ground: tensor([ 65,   7,  84,  24,  31,   5,  70,  46,  14,  10,  50,  32,  93,  88,
         65,  90,  83,  72,   9, 100,  95,  97,   2,  37,  60,   5,  87,  45,
         39,  36,  46,  89], device='mps:0') Predicted: tensor([ 65,   7,  84,  26,  56,   5,  70,  46,  62,  10,  50,  32,  93,  88,
         65,  90,  83,   7,   9, 100,  95,  97,   2,  37,  60,   5,   4,  45,
         39,  36,  20,  89], device='mps:0')Ground: tensor([ 1,  5, 56, 89, 94, 80,  5, 54,  3, 51, 95, 56, 72, 62, 38, 50, 19, 59,
        82, 51, 91, 49, 67, 86, 64, 65, 42, 75, 52, 45, 72, 83],
       device='mps:0') Predicted: tensor([ 1,  5, 56, 94, 94, 80,  5, 54,  3, 51, 95, 56, 72, 62, 38, 50, 19, 59,
        82, 51, 91, 49, 67, 86, 64, 65, 42, 75, 52, 45, 72, 83],
       device='mps:0')Ground: tensor([ 46,  77,   0,  36,  85,  59,  80,  13, 100,  44,  21,  76,  40,  75,
         27,  40,  72,  57,  96,  45,   5,   3,  30,   4,  39,  90,  41,  72,
         24,  31,  22,  63], device='mps:0') Predicted: tensor([ 46,  77,   0,  36,  85,  59,  80,  13, 100,  44,  21,  76,  40,  75,
         27,  40,  72,  57,  96,  45,   5,   3,  30,   4,  39,  90, 102,  72,
         24,  31,  22,  58], device='mps:0')Ground: tensor([ 37,  11,  94,  75,  33,  32,  92,  33,  28,  62,  42,  90,  94,  23,
          4,  42,  43,  26,  88,  55,  30, 100,  20,  40,  91,  39,  44,  25,
         11,  45,  98,  57], device='mps:0') Predicted: tensor([ 37,  11,  94,  57,  33,  52,  92,  33,  28,  62,  42,  90,   0,  23,
          4,  42,  43,  26,  88,  55,  30, 100,  20,  79,  91,  39,  44,  25,
         19,  45,  98,  57], device='mps:0')Ground: tensor([  4,   5,  73,  39,  37,  34,   8,  41,  49,  41, 104,  56,  93,  84,
         45,  30,  70,  80,  63,  20,  23,  79,  56,  96,  85,  11,  98,  68,
         25,  28,  86,  79], device='mps:0') Predicted: tensor([ 4,  5, 73, 39, 37, 34,  8, 41, 59, 41,  9, 56, 93, 84, 45, 30, 70, 80,
        92, 20, 23, 79, 56, 96, 85, 11, 98, 68, 25, 28, 98, 79],
       device='mps:0')Ground: tensor([ 57,  88,  59, 100,  51,  35,  28,  39,  56,  30,  72,  95,  50,  27,
         72,  89,  32,  28,  45,  34,  79,  93,  45,  59,  97,   9,  60,  87,
         13,  76,  14,  12], device='mps:0') Predicted: tensor([ 57,  88,  59, 100,  51,  14,  28,  39,  56,  30,  72,  95,  50,  27,
         72,  89,  32,  28,  45,  80,  79,  93,  45,  59,  97,   9,  60,  87,
         13,  76,  14,  53], device='mps:0')Ground: tensor([ 45,  83,  30,   4,  68,  16,   2,  14,  19,  83,  60,  47,  81,  17,
         57,  60,  29,  90,  44,  55,  60,   9,  75,  14,  34,   6, 104,  25,
         94,  98,  76,  79], device='mps:0') Predicted: tensor([ 49,  83,  30,   4,  68,  16,   2,  82,  19,  83,  60,  47,  81,  17,
         57,  60,  29,  90,  44,  55,  60,   9,  75,  14,  34,  44, 104,  25,
         63,  98,  76,  79], device='mps:0')Ground: tensor([ 50,   6,  27, 103,  54,  58,  28,  60,   5,  90,  98,  66,  90,  94,
         85,  28,  79,  77,  18,  16,  23,   2,  89,  93,  69,  45,  45,  72,
         60,  67,  89,   9], device='mps:0') Predicted: tensor([50,  6, 27, 94, 54, 58, 28, 60, 71, 90, 98, 71, 90, 94, 85, 28, 79, 77,
        18, 16, 23,  2, 89, 93, 69, 45, 45, 72, 60, 67, 89,  9],
       device='mps:0')Ground: tensor([ 98,  31, 101,  27,  91,  49,  30,  27,  25,  95,  41,  30,  47,  74,
         72,  34, 101,  55,  35,  62,  25,  98,  27,  72,  57,  70,  22,  75,
         31,  61,  76,  63], device='mps:0') Predicted: tensor([ 98,  31, 101,  25,  91,  49,  30,  27,  25,  95,  20,  30,  47,  74,
         72,  34,  74,  55,  35,  62,  25,  86,  27,  72,  57,  70,  22,  75,
         31,  61,  76,  63], device='mps:0')Ground: tensor([ 97,  62,  19,  65,  52,  51,  98,  68,  24,  37,  32,  98,  28,  30,
          5,  16,  32,  80,  78,  40,  59,   1,  73, 101,  15,  45, 101, 102,
         84, 104,  12,  95], device='mps:0') Predicted: tensor([ 97,  62,  19,  65,  52,  51,  45,  89,  24,  37,   0,  98,  28,  30,
         46,  16,  32,  80,  78,  40,  59,   1,  73, 101,  15,  45,  90, 102,
         56, 104,  83,  95], device='mps:0')Ground: tensor([ 28,  86,  86,  61,  47,   8,  16,  61,  74,  99,  22,  41,  78,  80,
         12,  54, 103,  54,  75,  62,  33,  30,  97,  26,  46,  75,  18,  32,
         88,  66,  92,  41], device='mps:0') Predicted: tensor([ 28,  86,  86,  61,  94,   8,  43,  61,  74,  99,  16,  41,  78,  60,
         12,  54,  58,  54,  75, 103,  36,  81,  97,  26,  46,  75,  18,  32,
         88,  66,  92,  41], device='mps:0')Ground: tensor([ 86,  73,  42,  43,  54,  32,  45,  53,  77,  10,  91,  94,  44,  59,
          9,  59,   4,  45,  94,  25,  80,  84,  16,  14,  38,  86, 101,  86,
         44,  77,  45,  32], device='mps:0') Predicted: tensor([ 86,  73,  42,  43,   9,  32,  20,  53,  77,  10,  91,  94,  44,  59,
          9,  59,   4,  45,  94,  25,  71,  84,  30,  14,  38,  86, 101,  86,
         44,  77,  45,  32], device='mps:0')Ground: tensor([ 69,  37,  18,  25,  42,  80,  11,  92,  86,  51,  49,  32,  49,  79,
         14,  53,  94,  62,  58,  11, 101, 103,  20,  42,  68,  59,  79,  74,
         58,  14,  95,  24], device='mps:0') Predicted: tensor([ 69,  37,  79,  25,  42,  80,  11,  92,  86,  51,   1,  32,  49,  79,
         14,  53,  94,  62,  58,  11, 101, 103,  20,  95,  68,  59,  79,  74,
         58,  14,  95,  24], device='mps:0')Ground: tensor([  4,  55,  38,   6,  52,  37,  27,  61,  16,  21,  87, 100,  12,   3,
         89,   5,  58,   9,  60,  23,  25,  77,  83, 103, 103,  45,  30,  94,
         10,  23,  86,  27], device='mps:0') Predicted: tensor([  4,  55,  38,   6,  53,  37,  27,  61,  16,  21,   8, 100,  12,   3,
         89,   5,  58,   9,  60,  23,  25,  77,  83, 103, 103,  45,  39,  94,
         10,  23,  86,  27], device='mps:0')Ground: tensor([ 93,  31,  41,  49, 104,  77,  68,  18,  73,  11,  56,  51,  56, 100,
         22, 103,  29,  93,   3,  42,  84,  62,  59,  98,  80,  84, 100,   9,
         18,  94,  48,  66], device='mps:0') Predicted: tensor([ 93,  31,  41,  49,  18,  77, 101,  18,  73,  11,  56,  50,  56, 100,
         22, 103,  29,  93,   3,  42,  41,  46,  59,  98,  80,  52, 100,   9,
         17,  94,  48,  66], device='mps:0')Ground: tensor([ 19,  96,  73,  58,  30,  26,   1, 103,  90,  38,  71,   2,  43, 104,
        102,  36,  23,  94,  33,  42,  29,  85,  10,  77,  96,  62,  50,  84,
         46,  36,  80,   0], device='mps:0') Predicted: tensor([ 19,  96,  73,  58,  30,  26,   1,  49,  90,  38,  65,   2,  43, 104,
        102,  36,  23,   0,  33,  42,  79,  85,  10, 104,  96,  62,  50,  84,
         46,  36,  80,   0], device='mps:0')Ground: tensor([ 92,  39,  33,  88,  66,  85,  81,  42,  64,  28,  45,  52,  86,  24,
         47,  17,  34,  22,  37, 101,  74,  93,  57,   4,  17,  34, 104,  31,
         77,   3,  33,   4], device='mps:0') Predicted: tensor([ 92,  84,  33,  88,  66,  85,  54,  63,  64,  28,  45,  52,  86,  24,
         47,  17,  34,  22,  37, 101,  74,  93,  57,   4,  17,  34, 104,  31,
         77,   3,  48,  43], device='mps:0')Ground: tensor([  1,  72,  90,  65,  92, 103,  26,  87,  51,  22,  52, 104,  37,  95,
         62,   2,  88,  57,  76,  63,  74,  27,  82,  12,  45,  54,   2,  47,
          8, 100,  63,  69], device='mps:0') Predicted: tensor([  1,  72,   8,  65,  92, 103,  26,  87,  51,  22,  52, 104,  37,  95,
         94,   2,  88,  57,  76,  71,   6,  92,  82,  12,  45,  54,   2,  47,
          8, 100,  63,  30], device='mps:0')Ground: tensor([ 36,  88,  72,  15,  74, 103,  69,  83,   6,  73,  39,  81,  73,  50,
         97,  51,  86,  89,  86,  84,  50,  77,   0,  75,  26,  71, 100,   8,
         26,  20,  17,  94], device='mps:0') Predicted: tensor([ 36,  88,  72,  15,  74, 103,  69,  83,  44,  73,  39,  81,  73,  50,
         97,  51,  86,  89,  86,  84,  50,  77,   0,  75,  26,  71, 100,   8,
         26,  20,  36,  94], device='mps:0')Ground: tensor([ 72,  79,  46,  18,  11, 104,  65,  92,   1,  72,  18,  98,  60,  27,
         92,  31,  63,  75,  23,  29,  71,  23,  96,  14,  53,  77,  43,  77,
         45,  20,  57, 102], device='mps:0') Predicted: tensor([ 72,  79,  46,  18,  11, 104, 104,  92,   1,  72,  18,  98,  60,  27,
         92,  56,  24,   8,  23,  29,  71,  23,  96,  14,  53,  77,  85,  77,
         45,  20,  57, 102], device='mps:0')Ground: tensor([ 51,  59,  36,  18,  12,  95,  37,  62,  43,  63,  44,  89,  44,  95,
         28,  36, 104,   6,  96,  66,  83,  97, 103,  97,  20,   5,  17,  46,
         25, 104,  49,  94], device='mps:0') Predicted: tensor([ 51,  59,  36,  77,  12,  95,  37,  62,  43,  63,  44,  89,  44,  83,
         28,  36,  88,   6,  96,  66,  83,  97, 103,  97,  80,   5,  17,  20,
         25, 104,  49,  94], device='mps:0')Ground: tensor([ 17,  39,  34,  46,  39,  63,  69,   0,  62, 103,  81,  10, 101,  81,
          1, 104,  27,  49,  43,  28,  49,  36,  56,  72,  14,  41,  40,   5,
         47,  84,  59, 103], device='mps:0') Predicted: tensor([ 17,  39,  48,  47,  39,  63,   7,   0,  62, 103,  81,  10, 101,  22,
          1, 104,  27,  49,  43,  28,  49,  36,  56,  72,  14,  41,  40,   5,
         14,  84, 102, 103], device='mps:0')Ground: tensor([  5,  31, 101,  14,  89, 104, 100,  32,  74,  88,   6,  90,  42,  96,
          2, 101,   6,  72,  80,  79,  61,  48,  32,  72,   7,  97,  87,  11,
         88,  20,  35,  28], device='mps:0') Predicted: tensor([  5,  31,  94,  14,  89, 104, 100,  32,  74,  97,   6,  90,  42,  96,
          2, 101,   6,  71,  80,  79,  61,  48,  32,  72,   7,  97,  87,  11,
         88,  20,  35,  28], device='mps:0')Ground: tensor([ 44,  92,  89,  81,  38,  47,  39,  66,  87,  23,  96,  66,  38,  21,
         49,  57,  82,  51,  19,  89,  80,  89,  58,  71,  79, 100,  58, 101,
         32,  29,  74,  60], device='mps:0') Predicted: tensor([ 44,  92,  89,  81,  38,  47,  39,  66,  89,  46,  96,  66,  38,  85,
         49,  57,  82,  82,  19,  89,  80,  89,   4,  71,  79, 100,  58, 101,
         32,  29,  74,  60], device='mps:0')Ground: tensor([ 50,  61,  21,   3,  94,  80,  30,  33, 103,  85,   4,  88,  98,  17,
        102,  56,  71,  19,   0,  56,  10,  62,  58,  45,   0,  47],
       device='mps:0') Predicted: tensor([ 50,  61,  65,   3,  94,  80,  30,  33, 103,  85,   4,  88,  98,  30,
         93,  56,  71,  19,   0,  56,  10,  45,  58,  45,   0,  97],
       device='mps:0')Ground: tensor([19, 25,  9,  0,  2, 94, 14, 96,  5, 24, 26, 45, 80, 39, 32, 92, 44, 96,
        21, 96,  0,  9,  5, 35,  2, 11, 86, 26, 42, 76,  5, 77],
       device='mps:0') Predicted: tensor([19, 25,  9, 32,  2, 94, 14, 96,  5, 24, 26, 45, 34, 39, 32, 92, 44, 96,
        21, 96, 92,  9,  5, 35,  2, 11, 86, 26, 42, 76, 72, 33],
       device='mps:0')Ground: tensor([ 67,  45,  54,  20,  54,   5, 100,  11, 104,  58,  79,  33,  12,  13,
         81,  73,  88,  42,  46,  12,  10,   6,  32,  47,  74,  53,  80,  98,
         59,  58,  50,  28], device='mps:0') Predicted: tensor([ 67,  45,  54,  93,  54,   5, 100,  11, 104,  58,  45,  33,  12,  13,
         81,  73,  88,  42,  46,  12,  10,   6,   0,  47,  74,  53,  80,  12,
         59,  58,  50,  28], device='mps:0')Ground: tensor([102,  85,  81,  86,  47,  90,  51,   3,  40,  33,  97,  57,  40,  83,
         74,  10,  56,  81,  88,  92,  78,  91,  63,  80,  37, 102,  36,  25,
         71,  92,  76,  17], device='mps:0') Predicted: tensor([ 50,  85,  81,  80,  47,  90,  51,   3,  18,  33,  97,  57,  40,  83,
         74,  10,  56,  81,  88,  92,  78,  91,  63,  80,  97, 102,  36,  25,
         25,  92,  76,  17], device='mps:0')Ground: tensor([ 31,  72,   6,  87,  89,   1,  92,  54,  28,  60, 104,  44,  94,  92,
         54,  68,  96,  12,  67,  95,  26,  29,  28,  26,   6,  66,  43,  98,
         29,  69,  22,  26], device='mps:0') Predicted: tensor([31, 72,  6, 87, 89,  1, 52, 54, 28, 60, 65, 44, 94, 92, 66, 68, 96, 12,
        67,  8, 26, 29, 28, 26,  6, 66, 43, 98, 29, 69, 22, 26],
       device='mps:0')Ground: tensor([ 96,  63,  84, 103,  93,  12,  88,  70,  96,  93,  74,  18,  41,  18,
         43,  87,  59,  56,  76,  98,  29,  78,  71,  60,  17,  91,  90,  27,
         41,  87,   6, 100], device='mps:0') Predicted: tensor([ 96,  63,  84, 103,  93,  12,  88,  35,  96,  93,  56,  18,  41,  18,
         43,  87,  59,  56,  42,  98,  29,  78,  71,  60,  17,  91,  90,  14,
         41,  87,   6, 100], device='mps:0')Ground: tensor([18, 25, 60,  7, 25, 42, 54, 78,  2,  2, 42, 87, 79, 11, 78, 85, 64, 40,
        54, 87, 20, 63, 34, 42, 16,  0, 12, 85, 45,  4, 16, 72],
       device='mps:0') Predicted: tensor([18, 25, 60,  7, 25, 42, 54, 78,  2,  2, 95, 87, 79, 71, 78, 85, 64, 40,
        54, 87, 20, 58, 34, 42, 16, 93, 12, 80, 45,  4, 15, 72],
       device='mps:0')Ground: tensor([ 81, 103,  30,  13,  74,  39,  66,  24,  82,  57, 100,  37,  57,  49,
        100,   6,  17,  52,   2,  62,  67,   4,   7,   7,  97,  59,  85,  24,
         74,  51,  28,  62], device='mps:0') Predicted: tensor([ 81, 103,  30,  13,  74,  39,  66,  24,  82,  76, 100,  37,  57,  49,
        100,   6,  17,  52,   2,  62,  67,   4,   7,   7,  97,  59,  36,  24,
         74,  51,  28,  62], device='mps:0')Ground: tensor([ 72,  95,  75, 100,  70,  42,  58,  76,  79,  46,  25,  63,  68,  12,
         10,   2,  88,  28,  73,  87,  93,  96,  15,  52,  77,   5,  11,  12,
         37, 101,  17,  14], device='mps:0') Predicted: tensor([ 72,  95,   8, 100,  70,  42,  52,  76,  79,  46,  25,  63,  68,  12,
         10,   2,  20,  28,  73,  87,  93,  96,  15,  52,  77,   5,  11,  12,
         37, 101,  43,  14], device='mps:0')Ground: tensor([ 84,  48,  33,  80,  58,  43,  35,  99,  37, 100,  35,  74,   5,  76,
         59,  14,  95,  95,  16,  89,  81,  70,  86,  51,  82,  45,   1,  84,
         57,  94,  21,  97], device='mps:0') Predicted: tensor([ 84,  48,  33,  36,  58,  43,  35,  99,   8, 100,  35,  92,   5,  76,
         59,  14,  95,  95,  16,  89,  81,  70,  86,  51,  11,  45,   1,  84,
          2,  94,  21,  97], device='mps:0')Ground: tensor([ 89,  62,  30,  98,  13,  86,   7,  29,  36,  24,  67,   1,  44,  20,
         11,  33,  34,  25,  93,  13,  79,  23,  84, 101,  90,  28,  18,  22,
         77,  41,  11,  68], device='mps:0') Predicted: tensor([ 89,  62,  30,  98,  13,  29,   7,  29,   5,  24,  51,   1,  44,  20,
         11,  33,  34,  25,  93,  13,  79,  23,  84, 101,  90,  28,  18,  22,
         80,  41,  11,  68], device='mps:0')Ground: tensor([ 98,  97,  89,  94,  93,  74,   0, 102,  57,   6,  89,  33,   0,  68,
         19,  54,  42,  62,  66,  24,  63,  84, 102,  80, 103,  62,  16, 102,
         87,  69,  81,  44], device='mps:0') Predicted: tensor([ 98,  97,  89,   8,  93,  74,   0, 102,  57,   6,  89,  33,   0,  68,
         85,  66,  42,  62,  66,  24,  63,  84, 102,  80, 103,  62,  16,  70,
         87,  69,  81,  44], device='mps:0')Ground: tensor([ 77, 104,  61,  30,   8,  49,  88,  42,  73,  85,   9, 101,  10,  53,
         32,  41,  52,  56,  41,  92,  92,  46,  94,  50,  61,  95,  98,  89,
         66,  26,  74,  70], device='mps:0') Predicted: tensor([ 77, 104,  61,  81,   8,  49,  88,  42,  73,  85,   9, 101,  10,  53,
         32,  41,  52,   0,  41,  92,  92, 100,  94,  50,  61,  95,  98,  89,
         66,  26,  74,  70], device='mps:0')Ground: tensor([103,  14,  44,  88,  67,  25,   2,  30,  62,  59, 101,   8,  41,   0,
         26,  82,   8,  58,  64,  82,  58,  38,  76,  26,  19,  53,  36,  20,
          0, 101,  72,   5], device='mps:0') Predicted: tensor([103,  94,  44,  88,  67,  25,   2,  30,  62,  59, 101,   8,  41,   0,
         26,  82,   8,  58,  64,  82,  58,  96,  76,  26,  19,  53,  66,  20,
          0, 101,  72,   5], device='mps:0')Ground: tensor([ 45,  90,  25,  83,  62,  98,  92,  51,  56,  27,  40,  80,  87,  21,
         58, 103,  77,  74,  21,  80,  20,  20,  86,  44,  76,  58,  56,  68,
         57,   8,  34,  43], device='mps:0') Predicted: tensor([ 45,  90,  25,  83,  62,  98,  92,  51,  56,  27,  40,  80,  87,  21,
         58, 100,  77,  74,  21,  74,  20,  20,  86,  44,  76,  58,  56,  68,
         57,   8,  34,  43], device='mps:0')Ground: tensor([56, 45, 49, 42,  1, 71, 27, 20, 27, 13, 25,  8,  8, 35, 90,  1, 27, 12,
         3, 96,  0, 13, 45, 28, 10, 58, 78, 43, 28, 87, 74, 47],
       device='mps:0') Predicted: tensor([ 56,  45,  84,  42,   1,  71,  56,  20,  27,  71,  25,   8,   8, 101,
         90,   1,  27,  12,   3,  96,   0,  13,  45,  28,  10,  74,  37,  43,
         28,  87,  74,  47], device='mps:0')Ground: tensor([ 51,  46, 100,  58,  29,  24,  69,   6,  20,  62,  34,  74,  97,  19,
         73,  92,  45,  79, 102,  94,  97,  70,  15,  25,  58, 100,  28,  21,
         90,  57,  84,  98], device='mps:0') Predicted: tensor([ 51,  25, 100,  58,  29, 101,  69,   6,  20,  62,  34,  74,   0,  19,
         73,  92,  45,  79, 102,  94,  97,  70,  80,  25,  58, 100,  28,  21,
         90,  57,  84,  98], device='mps:0')Ground: tensor([ 47,  92,  24,   3,   5,  58,  87,  72,  82,  95,  79,  80,  72,  49,
         63,  72,  92,  75,  32,  73,  67,  43,  13,  35,  58,  75,  47,  85,
         73, 100,  16,  62], device='mps:0') Predicted: tensor([ 47,  92,  24,   3,   5,  58,  87,  72,  82,  66,  79,  80,  72,  49,
         63,  72,  92,  75,  32,  73,  67,  43,  13,  35,  58,  75,  47,  85,
         73, 100,  16,  62], device='mps:0')Ground: tensor([ 53,  33,  72,  20,  76,   8,  92,   4,  84,  34,  94,  40,  41,  48,
         65,  63,   0,  89,  98,  37,  98,  50,  31,  41,  71,   3, 103,  57,
         91, 100,  24,  64], device='mps:0') Predicted: tensor([ 53,  33,  72,  20,  76,   8,  92,   4,  84,  34,  94,  40,  41,  48,
         65,  63,   0,  89,  98,  37,  98,  50,  51,  41,  71,   3, 103,  57,
         91, 100,  24,  64], device='mps:0')Ground: tensor([ 98,  28,   4,  16,   1,  33,  14,  90,  14,  56,  96,  16,  57,  51,
        100,  77,  42,  57,  89,  63,  67,  91,  67,  35,  78,  71,  53,  77,
         22, 101,  90,  49], device='mps:0') Predicted: tensor([ 98,  28,   4,  16,   1,  33,  14,  90,  14,  56,  96,  16,  57,  51,
        100,  77,  42,  57,  89,  58,  67,  91,  67,  35,  78,  71,  53,  77,
         22, 101,  90,  82], device='mps:0')Ground: tensor([ 49,  63,  12,  95,  61,  16,  20,  57,  77,  54,  14,  64,  28,  74,
         82,   9,  67,  10,  52,  15,  71, 102,  42,  16,  81,  44,  39,  94,
        101,  50,  97,  32], device='mps:0') Predicted: tensor([ 49,  63,  12,  95,  84,  16,  20,  57,  77,  54,  14,  64,  28,  74,
         82,   9,  67,  10,  52,  15,  71, 102,  42,  16,  81,  44,  39,  94,
        101,  50,  97,  32], device='mps:0')Ground: tensor([ 9, 29, 51,  5, 82, 95, 78, 19, 50, 34, 63,  6, 97, 14, 60,  9, 20, 49,
        76, 82, 28, 73, 11, 73, 89,  2, 99,  0, 53, 89, 49, 71],
       device='mps:0') Predicted: tensor([77, 71, 51,  5, 82, 95, 78, 19, 50, 34, 63,  6, 97, 14, 60, 74, 20, 49,
        76, 82, 28, 73, 11, 25, 56,  2, 99,  0, 53, 89, 49, 71],
       device='mps:0')Ground: tensor([ 71,  12,  94,  49,  78,  98,  15,  40, 104,  16,  54,  97,  86,  57,
          5,  72,  38,  11,  16,   8,  95,  51,  90,  86,  27,  24,  90,  64,
         53,  83,  11,  77], device='mps:0') Predicted: tensor([ 71,  12,  94,  49,  78,  98,  15,  40, 104,  16,  54,  97,  86,  57,
          5,  72,  38,  11,  16,   8,  84,  51,  90,  86,  27,  24,  90,  64,
         53,  83,   6,  29], device='mps:0')Ground: tensor([ 41,  74,  94,  72,  73,  98,  19,  31, 100, 104,   8,  48,  60,  25,
         54,  91,  50,   8,  69,  62,  14, 100,  44,  37,  23,  55,  88,  97,
          7,  71,  93, 104], device='mps:0') Predicted: tensor([ 41,  74,  94,  72,  73,  98,  19,  31, 100, 104,   8,  86,  60,  25,
         83,  91,  50,   8,  69,  27,  14, 100,  44,  37,  23,  55,  88,  97,
          7,  71,  47, 104], device='mps:0')Ground: tensor([ 32,  22,  39,  67,  68,  51,  84,   7, 103,  86,  81,  85,   0,  47,
         75,  18,  75,   7,  51,  12,   6,  33,  26,  68,  33,  50,  33,  44,
         72,  48,  26,  50], device='mps:0') Predicted: tensor([ 32,  22,  39,  67,  68,  51,  84,   7, 103,  86,  81,  85,  43,  47,
         75,  18,  75,   7,  51,  12,   6,  33,  26,  68,  33,  50,  33,  44,
         72,  48,  26,  50], device='mps:0')Ground: tensor([ 56,  19,  12,  27,  45,  77,  57,  52,  53,  68,  39,  43,  97,  85,
         14,   6, 101, 101,  87,   4,  90,  37,  41, 100,  40,  93,  87,  60,
         50,  74,  88,  52], device='mps:0') Predicted: tensor([ 56,  19,  12,  27,  39,  77,  45,   6,  53,  68,  39,  43,  97,  85,
         14,   6, 101, 101,  87,   4,  90,  37,  41, 100,  40,  67,  87,  60,
         50,  74,  88,  52], device='mps:0')Ground: tensor([ 43,  30,  82,  89,  46,   3,   0,  45,  28,   2,  34,  92,  26,  25,
          0,  16,  80,  88,  12,  90,  49,  48,  29,   1,  53,  45,  22,  80,
         35,  26,  77, 101], device='mps:0') Predicted: tensor([ 43,  30,  82,  89,  46,   3, 103,  45,  28,   2,  34,  92,  26,  25,
          0,  16,  80,  88,  12,  90,  49,   3,  29,   1,  53,  45,  22,  80,
         35,  26,  77, 101], device='mps:0')Ground: tensor([ 21,  44,  91,   1,  46,  44,   9,  10,  93,  95,  56,  72,  33,  53,
         23,  80,  46,  80,  61,  74,  35,  84,  54,  51, 104,  34, 102,  68,
         37,   1,   6,  89], device='mps:0') Predicted: tensor([ 21,  44,  91,   1,  46,  44,   9,  10,  93,  95,  56,  72,  33,  53,
         23,  80,  76,  80,  61,  74,  35,  84,  45,  70, 104,  34, 102,  68,
         37,   1,   6,  89], device='mps:0')Ground: tensor([86, 81,  1,  4, 89, 12, 78, 61, 81, 34, 72,  4, 57, 34, 56, 63, 72, 20,
        15, 29, 79, 89, 14,  5, 97, 45, 21, 42, 22,  6, 62, 75],
       device='mps:0') Predicted: tensor([86, 81,  1,  4, 89, 12, 78, 61, 81, 34, 72,  4, 57, 34, 74, 63, 72, 20,
        15, 29, 79, 89, 14,  5, 97, 45, 21, 42, 22,  6, 62, 75],
       device='mps:0')Ground: tensor([ 32,  25,  42,  72,  82,   3,  31,  69,  49,  89,  63,  62,  86,  18,
         49,  88,  56,  17,   4,  18,   6, 103,  72,  34,  66,  27,  16,  57,
         72,  28,  85,  23], device='mps:0') Predicted: tensor([ 25,  25,  42,  72,  82,   3,  31,  69,  49,  89,  63,  62,  86,  18,
         49,  88,  56,  17,   4,  18,   6, 103,  72,  11,  66,  27,  16,  57,
         30,  28,  85,  23], device='mps:0')Ground: tensor([86, 62, 63, 90, 47, 18, 52, 90, 17, 44, 29, 30, 18, 24, 82, 44, 37, 27,
         2, 94, 61, 76, 59, 82,  6, 69, 68, 46, 39, 76, 57, 39],
       device='mps:0') Predicted: tensor([86, 62, 63, 90, 47, 18, 52, 90, 17, 44, 29,  3, 18, 24, 82, 97, 37, 27,
         2, 94, 61, 76, 44, 82,  6, 71, 68, 46, 39, 76, 45, 39],
       device='mps:0')Ground: tensor([ 65,   7,  84,  24,  31,   5,  70,  46,  14,  10,  50,  32,  93,  88,
         65,  90,  83,  72,   9, 100,  95,  97,   2,  37,  60,   5,  87,  45,
         39,  36,  46,  89], device='mps:0') Predicted: tensor([ 65,   7,  84,  24,  31,   5,  70,  46,  14,  10,  50,  32,  93,  88,
         65,  90,  83,  72,   9, 100,  95,  97,   2,  37,  60,   5,  87, 104,
         39,  36,  46,  89], device='mps:0')Ground: tensor([ 1,  5, 56, 89, 94, 80,  5, 54,  3, 51, 95, 56, 72, 62, 38, 50, 19, 59,
        82, 51, 91, 49, 67, 86, 64, 65, 42, 75, 52, 45, 72, 83],
       device='mps:0') Predicted: tensor([ 1, 27, 56, 89, 94, 80,  5, 54,  3, 51, 95, 97, 72, 62, 38, 50, 19, 59,
        82, 51, 91, 49, 67, 86, 64, 65, 42, 75, 52, 45, 72, 83],
       device='mps:0')Ground: tensor([ 46,  77,   0,  36,  85,  59,  80,  13, 100,  44,  21,  76,  40,  75,
         27,  40,  72,  57,  96,  45,   5,   3,  30,   4,  39,  90,  41,  72,
         24,  31,  22,  63], device='mps:0') Predicted: tensor([ 46,  77,   0,  36,  85,  59,  80,  13, 100,  44,  21,  76,  40,  26,
         27,  30,  72,  57,  96,  45,   5,   3,  30,   4,  39,   2,  41,  72,
         24,  31,  22,  63], device='mps:0')Ground: tensor([ 37,  11,  94,  75,  33,  32,  92,  33,  28,  62,  42,  90,  94,  23,
          4,  42,  43,  26,  88,  55,  30, 100,  20,  40,  91,  39,  44,  25,
         11,  45,  98,  57], device='mps:0') Predicted: tensor([ 37,  11,  94,  75,  33,  32,  92,  33,  28,  62,  42,  90,  20,  23,
          4,  42,  43,  26,  88,  55,  30, 100,  20,  40,  91,  39,  44,  25,
         11,  45,  98,  45], device='mps:0')Ground: tensor([  4,   5,  73,  39,  37,  34,   8,  41,  49,  41, 104,  56,  93,  84,
         45,  30,  70,  80,  63,  20,  23,  79,  56,  96,  85,  11,  98,  68,
         25,  28,  86,  79], device='mps:0') Predicted: tensor([  4,   5,  73,  32,  37,  34,   8,  41,  49,  41, 104,  56,  93,  84,
         45,  30,  70,  80,  63,  20,  23,  79,  56,  96,  85,  11,  98,  68,
         25,  28,  86,  79], device='mps:0')Ground: tensor([ 57,  88,  59, 100,  51,  35,  28,  39,  56,  30,  72,  95,  50,  27,
         72,  89,  32,  28,  45,  34,  79,  93,  45,  59,  97,   9,  60,  87,
         13,  76,  14,  12], device='mps:0') Predicted: tensor([ 57,  76,   6, 100,  51,  35,  28,  39,  56,  30,  72,  95,  50,  27,
         72,  89,  32,  28,  45,  84,  79,  93,  45,  59,  97,   9,  60,  87,
         13,  76,  14,  12], device='mps:0')Ground: tensor([ 45,  83,  30,   4,  68,  16,   2,  14,  19,  83,  60,  47,  81,  17,
         57,  60,  29,  90,  44,  55,  60,   9,  75,  14,  34,   6, 104,  25,
         94,  98,  76,  79], device='mps:0') Predicted: tensor([ 45,  83,  30,   4,  68,  16,   2,  14,  19,  83,  60,  47,  81,  17,
         57,  60,  29,  90,  44,  55,  60,   9,  75,  64,  34,   6, 104,  25,
         94,  98,  76,  79], device='mps:0')Ground: tensor([ 50,   6,  27, 103,  54,  58,  28,  60,   5,  90,  98,  66,  90,  94,
         85,  28,  79,  77,  18,  16,  23,   2,  89,  93,  69,  45,  45,  72,
         60,  67,  89,   9], device='mps:0') Predicted: tensor([ 50,   6,  27, 103,  54,  58,  28,  60,   5,  90,  98,  66,  90,  94,
         85,  28,  79,  77,  18,  16,  23,   2,  89,  93,  69,  45,  45,  72,
         60,  54,  89,   9], device='mps:0')Ground: tensor([ 98,  31, 101,  27,  91,  49,  30,  27,  25,  95,  41,  30,  47,  74,
         72,  34, 101,  55,  35,  62,  25,  98,  27,  72,  57,  70,  22,  75,
         31,  61,  76,  63], device='mps:0') Predicted: tensor([ 98,  47, 101,  27,  36,  18,  30,  27,  25,  97,  41,  30,  47,  74,
         72,  71,  74,  55,  35,  62,  25,  98,  27,  72,  46,  70,  22,  75,
          0,  61,  76,  63], device='mps:0')Ground: tensor([ 97,  62,  19,  65,  52,  51,  98,  68,  24,  37,  32,  98,  28,  30,
          5,  16,  32,  80,  78,  40,  59,   1,  73, 101,  15,  45, 101, 102,
         84, 104,  12,  95], device='mps:0') Predicted: tensor([ 97,  62,  19,  65,  52,  51,  98,  68,  24,  37,  32,  98,  28,  30,
          5,  16,  74,  80,  78,  40,  59,   1,  73, 101,  15,  45, 101,  97,
         84, 104,  12,  95], device='mps:0')Ground: tensor([ 28,  86,  86,  61,  47,   8,  16,  61,  74,  99,  22,  41,  78,  80,
         12,  54, 103,  54,  75,  62,  33,  30,  97,  26,  46,  75,  18,  32,
         88,  66,  92,  41], device='mps:0') Predicted: tensor([ 28,  86,  38,  61,  47,   8,  16,  61,  87,  99,  22,  41,  78,  80,
         12,  54, 103,  54,  75,  62,  33,  30,  97,  72,  46,  75,  18,  63,
         88,  66,  92,  41], device='mps:0')Ground: tensor([ 86,  73,  42,  43,  54,  32,  45,  53,  77,  10,  91,  94,  44,  59,
          9,  59,   4,  45,  94,  25,  80,  84,  16,  14,  38,  86, 101,  86,
         44,  77,  45,  32], device='mps:0') Predicted: tensor([ 86,  73,  42,  43,   9,  92,  45,  84,  77,  10,  91,  94,  44,  59,
         71,  59,  20,  45,  94,  25,  49,  69,  16,  14,  38,  15, 101,  86,
         44,  77,   1,  32], device='mps:0')Ground: tensor([ 69,  37,  18,  25,  42,  80,  11,  92,  86,  51,  49,  32,  49,  79,
         14,  53,  94,  62,  58,  11, 101, 103,  20,  42,  68,  59,  79,  74,
         58,  14,  95,  24], device='mps:0') Predicted: tensor([ 69,  37,  18,  25,  42,  80,  11,  92,  86,  51,  49,  32,  49,  79,
         14,  24,  26,  62,  64,  11, 101, 103,  20,  42,  68,  59,  79,  74,
         58,  14,  95,  89], device='mps:0')Ground: tensor([  4,  55,  38,   6,  52,  37,  27,  61,  16,  21,  87, 100,  12,   3,
         89,   5,  58,   9,  60,  23,  25,  77,  83, 103, 103,  45,  30,  94,
         10,  23,  86,  27], device='mps:0') Predicted: tensor([ 24,  55,  38,   6,  52,  37,  27,  61,  16,  21,  87, 100,  12,   3,
         89,   5,  58,   9,  60,  23,  25,  77,  83, 103, 103,  45,  69,  94,
         10,  23,  86,  14], device='mps:0')Ground: tensor([ 93,  31,  41,  49, 104,  77,  68,  18,  73,  11,  56,  51,  56, 100,
         22, 103,  29,  93,   3,  42,  84,  62,  59,  98,  80,  84, 100,   9,
         18,  94,  48,  66], device='mps:0') Predicted: tensor([ 93,  31,  41,  49, 104,  77,  68,  29,  73,  11,  56,  58,  56, 100,
         22, 103,  18,  93,   3,  42,  84,  76,  59,  98,  80,  84, 100,   9,
         77,  94,  48,  66], device='mps:0')Ground: tensor([ 19,  96,  73,  58,  30,  26,   1, 103,  90,  38,  71,   2,  43, 104,
        102,  36,  23,  94,  33,  42,  29,  85,  10,  77,  96,  62,  50,  84,
         46,  36,  80,   0], device='mps:0') Predicted: tensor([ 19,  96,  73,  58,  30,  26,   1, 103,  90,  38,  71,   2,  43, 104,
         41,  36,  23,  12,  33,  42,  29,  85,  10,  77,  81,  62,  50,  84,
         90,  36,  80,   0], device='mps:0')Ground: tensor([ 92,  39,  33,  88,  66,  85,  81,  42,  64,  28,  45,  52,  86,  24,
         47,  17,  34,  22,  37, 101,  74,  93,  57,   4,  17,  34, 104,  31,
         77,   3,  33,   4], device='mps:0') Predicted: tensor([ 92,  44,  33,  88,  66,  85,  81,  45,  64,  28,  45,  52,  86,  24,
         47,  17,  34,  22,  37, 101,  74,  97,  57,   8,  17,  34,  15,  31,
         77,   3,  33,   4], device='mps:0')Ground: tensor([  1,  72,  90,  65,  92, 103,  26,  87,  51,  22,  52, 104,  37,  95,
         62,   2,  88,  57,  76,  63,  74,  27,  82,  12,  45,  54,   2,  47,
          8, 100,  63,  69], device='mps:0') Predicted: tensor([  1,  72,  90,  65,  76, 103,  26,  87,  51,  22,  52, 104,  37,  95,
         62,   2,  88,  57,  76,  44,  74,  27,  82,  12,  17,  54,   2,  47,
          8, 100,  63,  69], device='mps:0')Ground: tensor([ 36,  88,  72,  15,  74, 103,  69,  83,   6,  73,  39,  81,  73,  50,
         97,  51,  86,  89,  86,  84,  50,  77,   0,  75,  26,  71, 100,   8,
         26,  20,  17,  94], device='mps:0') Predicted: tensor([ 36,  88,  96,  15,  74, 103,  69,  83,   6,  41,  39,  81,  73,  50,
         97,  51,  86,  89,  86,  84,  50,  77,   0,  75,  26,  15, 100,   8,
         26,  20,  17,  94], device='mps:0')Ground: tensor([ 72,  79,  46,  18,  11, 104,  65,  92,   1,  72,  18,  98,  60,  27,
         92,  31,  63,  75,  23,  29,  71,  23,  96,  14,  53,  77,  43,  77,
         45,  20,  57, 102], device='mps:0') Predicted: tensor([ 72,  79,  46,  18,  11, 104,  65,  92,   1,  72,  18,  98,  60,  26,
         92,  31,  63,  75,  23,  29,  71,  23,  96,  14,  56,  77,  45,  77,
         45,  20,  78, 102], device='mps:0')Ground: tensor([ 51,  59,  36,  18,  12,  95,  37,  62,  43,  63,  44,  89,  44,  95,
         28,  36, 104,   6,  96,  66,  83,  97, 103,  97,  20,   5,  17,  46,
         25, 104,  49,  94], device='mps:0') Predicted: tensor([ 51,  59,  36,  18,  12,  95,  37,  62,  43,  63,  44,  89,  44,  20,
         28,  36, 104,   8,  96,  66,  83,  97, 103,   0,  20,   5,  17,  46,
         25, 104,  49,  94], device='mps:0')Ground: tensor([ 17,  39,  34,  46,  39,  63,  69,   0,  62, 103,  81,  10, 101,  81,
          1, 104,  27,  49,  43,  28,  49,  36,  56,  72,  14,  41,  40,   5,
         47,  84,  59, 103], device='mps:0') Predicted: tensor([ 17,  39,  34,  46,  39,  63,  69,   0,  62, 103,  81,  10, 101,  81,
          1, 104,  27,  49,  21,  28,  49,  36,  56,  72,  14,  58,  40,   5,
         47,  87,  59, 103], device='mps:0')Ground: tensor([  5,  31, 101,  14,  89, 104, 100,  32,  74,  88,   6,  90,  42,  96,
          2, 101,   6,  72,  80,  79,  61,  48,  32,  72,   7,  97,  87,  11,
         88,  20,  35,  28], device='mps:0') Predicted: tensor([  5,  31, 101,  14,  89, 104, 100,  32,  74,  88,   6,  90,   0,  96,
          2, 101,   6,  72,  80,  79,  61,  48,  32,  72,  80,  97,  87,  11,
         88,  20,  35,  28], device='mps:0')Ground: tensor([ 44,  92,  89,  81,  38,  47,  39,  66,  87,  23,  96,  66,  38,  21,
         49,  57,  82,  51,  19,  89,  80,  89,  58,  71,  79, 100,  58, 101,
         32,  29,  74,  60], device='mps:0') Predicted: tensor([ 44,  92,  89,  81,  38,  47,  39,  66,  87,  23,  96,  66,  38,  85,
         49,  57,  82,  51,  19,  71,  21,  52,  58,  71,  79,  45,  58, 101,
         32,  29,  20,  60], device='mps:0')Ground: tensor([ 50,  61,  21,   3,  94,  80,  30,  33, 103,  85,   4,  88,  98,  17,
        102,  56,  71,  19,   0,  56,  10,  62,  58,  45,   0,  47],
       device='mps:0') Predicted: tensor([ 50,  61,  21,   3,  94,  54,  30,  33, 101,  85,   4,  88,  98,  17,
        102,  56,  71,  19,   0,  56,  10, 100,  58,  45,   0,  47],
       device='mps:0')